[425 327 182 311]
[448 343 199 330]
[470 347 207 341]
[473 360 219 351]
[486 368 230 361]
[499 376 242 372]
[513 387 256 385]
[531 406 278 405]
[554 413 297 421]
[564 434 311 436]
[592 433 331 452]
[599 453 352 468]
[630 468 376 491]
[643 494 401 512]
[669 498 428 531]
[690 524 452 555]
[709 542 477 576]
[720 570 504 598]
[742 578 525 615]
[755 594 545 631]
[770 612 568 650]
[788 634 597 673]
[798 651 613 687]
[809 669 635 704]
[825 686 657 722]
[837 704 679 740]
[847 721 698 755]
[859 737 717 771]
